0
0
0
0
0
0
0
0
0
0
0
0
0
0
0
0
0
0
0
0
0
0
0
0
0
0
0
0
0
0
0
0
0
0
0
0
0
0
0
0
0
0
0
58
59
62
66
69
70
72
72
72
72
72
73
74
77
79
82
90
94
97
99
100
100
100
100
99
97
92
87
85
93
100
106
114
129
145
157
161
163
164
164
164
163
161
158
158
158
158
157
153
139
131
126
119
114
110
107
104
101
101
100
100
101
101
101
102
111
120
127
131
134
137
141
148
153
159
163
165
165
165
166
167
168
168
168
168
166
157
133
123
114
110
106
104
103
103
103
103
103
101
99
96
91
86
85
84
82
81
80
80
80
80
80
80
80
80
80
80
80
79
79
79
79
80
81
82
83
84
88
92
97
102
105
106
107
107
107
108
108
108
108
109
109
109
109
109
109
109
109
109
109
109
109
109
109
109
109
109
109
109
109
109
109
109
109
109
109
109
109
109
109
109
108
108
108
108
108
108
108
108
108
108
108
108
108
108
108
108
108
108
108
108
108
108
108
108
108
108
108
108
108
108
108
108
108
108
108
108
108
108
108
108
108
108
108
108
108
108
108
108
108
108
108
108
108
108
108
108
108
108
108
108
108
108
108
108
108
108
108
108
108
108
108
108
108
108
108
108
108
108
108
108
108
108
108
108
108
108
108
108
108
108
108
108
108
108
108
108
108
108
108
108
108
108
108
108
108
108
108
108
108
108
108
108
108
108
108
108
108
108
108
108
108
108
108
108
108
108
108
108
108
108
108
108
108
108
108
108
108
108
108
108
108
108
108
108
108
108
108
108
108
108
108
108
108
108
108
108
108
107
104
103
101
101
100
100
100
100
100
100
100
100
100
100
100
100
100
100
100
100
100
100
100
100
100
100
100
100
100
100
100
100
100
100
100
100
99
98
97
96
95
94
93
92
91
90
90
90
90
90
93
97
102
108
113
117
119
120
121
122
124
124
124
124
124
119
113
105
94
79
61
46
31
27
27
27
27
27
27
27
27
27
27
27
27
27
27
27
27
27
27
27
27
27
27
27
27
27
27
27
27
27
27
27
27
27
27
66
62
56
52
45
40
34
30
27
27
27
27
27
27
27
27
27
73
88
106
116
126
135
143
148
151
154
156
160
163
168
176
183
185
185
185
185
185
184
179
164
153
129
101
73
61
58
57
57
56
56
56
56
55
54
51
48
46
45
45
45
47
53
63
80
94
114
125
137
143
145
145
145
145
145
147
152
155
159
160
160
160
160
160
161
161
161
161
161
161
161
161
161
161
159
155
144
135
124
111
105
101
100
98
96
91
87
84
80
75
73
72
72
72
75
80
91
106
124
139
150