0
0
0
0
0
0
0
0
0
0
0
0
0
0
0
0
0
0
0
0
0
0
0
0
0
0
0
0
0
0
0
0
0
0
0
0
0
0
0
0
0
0
0
234
216
210
204
200
196
192
188
176
170
148
142
139
137
135
132
124
120
115
109
106
106
106
106
106
108
115
135
170
210
225
229
231
230
225
217
212
207
204
201
200
198
194
192
191
191
191
189
185
177
173
169
166
164
163
163
163
163
163
163
163
163
163
163
163
160
157
152
149
146
143
139
132
128
124
122
121
121
121
120
119
115
110
110
109
108
103
91
89
91
92
94
94
94
94
94
94
94
96
100
105
113
120
123
124
125
126
127
127
127
127
127
127
127
127
127
127
127
127
133
137
142
148
151
154
155
155
156
156
155
154
154
153
153
153
152
152
152
152
151
151
150
150
150
150
150
150
150
150
150
150
150
150
150
150
150
150
150
150
150
150
150
150
150
150
150
150
150
150
150
150
150
150
151
151
151
151
151
151
151
151
151
151
151
151
151
151
151
151
151
151
151
151
151
151
151
151
151
151
151
151
151
151
151
151
151
151
151
151
151
151
151
151
151
151
151
151
151
151
151
151
151
151
151
151
151
151
151
151
151
151
151
151
151
151
151
151
151
151
151
151
151
151
151
151
151
151
151
151
151
151
151
151
151
151
151
151
151
151
151
151
151
151
151
151
151
151
151
151
151
151
151
151
151
151
151
151
151
151
151
151
151
151
151
151
151
151
151
151
151
151
151
151
151
151
151
151
151
151
151
151
151
151
151
151
151
151
151
151
151
151
151
151
151
151
151
151
151
151
151
151
151
151
151
151
151
151
151
149
146
144
142
142
141
140
140
140
140
140
140
140
140
140
140
140
140
140
140
140
140
140
140
140
140
140
140
140
140
140
140
140
140
140
140
140
142
145
147
152
155
158
160
163
166
170
172
172
173
173
175
179
184
189
191
192
192
192
192
190
189
188
188
188
187
186
184
182
184
189
200
213
240
249
249
249
249
249
249
249
249
249
249
249
249
249
249
249
249
249
249
249
249
249
249
249
249
249
249
249
249
249
249
249
249
249
249
246
241
238
236
235
236
239
245
249
249
249
249
249
249
249
249
249
243
232
210
194
176
158
141
133
126
122
120
117
114
110
105
100
98
98
98
98
98
97
91
76
66
58
56
56
56
56
56
56
56
56
56
56
57
58
60
62
65
65
65
65
65
64
63
58
54
46
40
35
33
32
32
32
32
32
33
41
49
61
78
84
87
96
101
107
113
118
119
119
119
119
119
119
119
121
123
126
127
127
127
125
125
125
125
126
127
130
132
136
140
144
146
148
148
152
155
158
159
157
155
151